22298,1893,92116531
31574,82,2510981
34791,80,1987274
31011,93,7691116
34185,90,5793342
31556,87,4201472
46753,70,738390
33819,85,3582892
22678,87,3980256
39438,77,1477914
26743,80,1986939
12168,92,6629278
84414,85,3269516
31806,83,2705782
35060,71,815684
24750,79,1909942
21043,82,2438768
15517,81,2221581
1522,99,16897812
32610,84,3194472
6030,99,13743606
32726,60,279441
13060,86,3736689
40828,61,323384
-1,-1
-1,-1
-1,-1
42499,92
58302,3
111688,3
26556,53
39027,32
39627,1
-1,-1
-1,-1
-1,-1
-1,-1
-1,-1
-1,-1
-1,-1
-1,-1
-1,-1
-1,-1
-1,-1
-1,-1
-1,-1
-1,-1
-1,-1
-1,-1
-1,-1
-1,-1
-1,-1
-1,-1
-1,-1
-1,-1
4392,82
-1,-1
-1,-1
-1,-1
-1,-1
-1,-1
-1,-1
-1,-1
-1,-1
-1,-1
-1,-1
-1,-1
-1,-1
-1,-1
-1,-1
-1,-1
-1,-1
-1,-1
-1,-1
-1,-1
-1,-1
60572,154
-1,-1
-1,-1

