91875,1297,7263195
72546,70,739865
71078,70,738434
83064,71,826650
82909,71,883667
120882,53,139042
88462,48,86998
95491,65,456252
149005,55,170926
151955,60,274263
139732,52,126343
177148,54,153613
203085,53,148755
98862,54,161124
71316,58,231643
138768,53,138499
85739,47,76029
144707,57,213430
52829,71,862656
81374,58,245677
92544,44,60697
120864,23,6713
77014,65,457691
85739,45,64228
-1,-1
-1,-1
-1,-1
70256,38
18339,13
88810,6
52496,18
89841,1
-1,-1
-1,-1
-1,-1
-1,-1
-1,-1
-1,-1
-1,-1
-1,-1
-1,-1
-1,-1
-1,-1
-1,-1
-1,-1
-1,-1
-1,-1
-1,-1
-1,-1
-1,-1
-1,-1
-1,-1
-1,-1
-1,-1
-1,-1
-1,-1
-1,-1
-1,-1
-1,-1
-1,-1
-1,-1
-1,-1
-1,-1
-1,-1
-1,-1
-1,-1
-1,-1
-1,-1
-1,-1
-1,-1
-1,-1
-1,-1
-1,-1
-1,-1
-1,-1
-1,-1
-1,-1
-1,-1
-1,-1

