16697,1934,116525650
6875,99,13123729
17748,89,5274460
11814,99,13175056
12523,99,14740272
10008,98,12575274
22453,73,1038212
30967,85,3578201
21606,86,3747139
13855,85,3457983
23371,80,2033505
48691,79,1888106
100862,80,1987243
29708,81,2419006
33131,70,782306
43255,72,982186
15893,83,2793661
23733,77,1582309
10652,98,11901208
32096,82,2657215
7023,98,12530817
15355,68,646086
19184,83,2850304
24960,70,761372
-1,-1
-1,-1
-1,-1
9974,412
12417,13
3157,166
10944,130
19198,93
15831,10
-1,-1
-1,-1
-1,-1
-1,-1
33712,44
-1,-1
-1,-1
-1,-1
15371,1
-1,-1
12957,1
14576,1
-1,-1
-1,-1
14698,35
-1,-1
25755,23
17561,1
-1,-1
-1,-1
15639,1
4864,25
1438,111
14631,1
-1,-1
-1,-1
-1,-1
-1,-1
-1,-1
-1,-1
5640,6
4137,10
-1,-1
1421,27
1011,3
-1,-1
-1,-1
-1,-1
20345,1
-1,-1
-1,-1
-1,-1
51923,110
6604,28
17914,1

