61568,1545,28110009
61200,71,816681
62802,70,757128
74322,74,1150931
69140,76,1385564
64702,75,1244465
53742,64,419522
80419,68,667095
47890,78,1765277
58022,73,1049712
81323,65,490013
111770,67,585605
30571,99,13048811
77102,61,316722
52298,63,398590
40984,75,1225264
78718,50,107355
45343,73,1085765
80918,59,250160
60698,69,670092
76219,54,154912
56070,49,92853
87192,61,310816
63378,51,116676
-1,-1
-1,-1
-1,-1
67303,42
128447,1
77043,8
60647,13
49968,19
42004,1
-1,-1
-1,-1
-1,-1
-1,-1
-1,-1
-1,-1
-1,-1
-1,-1
-1,-1
-1,-1
-1,-1
-1,-1
-1,-1
-1,-1
-1,-1
-1,-1
-1,-1
-1,-1
-1,-1
-1,-1
-1,-1
-1,-1
-1,-1
-1,-1
-1,-1
-1,-1
-1,-1
-1,-1
-1,-1
-1,-1
-1,-1
-1,-1
-1,-1
-1,-1
-1,-1
-1,-1
-1,-1
-1,-1
-1,-1
-1,-1
-1,-1
-1,-1
-1,-1
26899,547
-1,-1
-1,-1

