12132,1997,118391745
14687,93,7225067
18196,89,5001092
25939,94,8673084
17172,97,11463780
17550,92,7172595
12275,80,1988781
13939,94,8725695
12822,91,6009404
17267,84,3046058
14240,85,3331700
16771,89,5179326
13420,99,13118748
12188,90,5528766
13579,80,1986074
14796,82,2527574
11738,86,3788682
18407,80,2000794
13358,92,7121965
19516,89,5303660
17767,88,4615826
7729,78,1712022
28373,82,2473261
34776,63,397791
-1,-1
14046,6
-1,-1
24076,188
17534,10
9918,66
20817,66
31223,44
29861,2
-1,-1
-1,-1
-1,-1
-1,-1
7662,661
8212,1
2500,31
5034,562
6920,28
-1,-1
-1,-1
-1,-1
3268,128
-1,-1
-1,-1
10132,62
7565,240
-1,-1
-1,-1
2813,262
-1,-1
-1,-1
9156,46
-1,-1
6537,40
15989,188
3873,65
4122,160
5120,1
-1,-1
-1,-1
-1,-1
14204,12
-1,-1
-1,-1
-1,-1
-1,-1
-1,-1
6607,3
-1,-1
-1,-1
13323,1
18655,539
-1,-1
4972,1008

