29920,1834,76011250
39070,80,1988335
35619,80,1994355
32542,93,7679497
37930,89,5182128
60406,76,1465542
34940,70,803288
41688,83,2736277
38607,81,2365897
1586,99,13823121
11392,88,4733357
29770,85,3367899
31005,99,13048117
52989,72,924779
51474,64,414603
19510,81,2350803
40731,70,777751
68661,70,806046
35107,80,1986120
34138,85,3258597
23173,87,4129761
26362,63,399098
43702,76,1383199
40371,63,392680
-1,-1
-1,-1
-1,-1
26859,195
9479,22
18747,41
25126,61
28879,64
21744,7
-1,-1
-1,-1
-1,-1
-1,-1
37969,111
-1,-1
-1,-1
-1,-1
-1,-1
-1,-1
-1,-1
-1,-1
-1,-1
-1,-1
-1,-1
-1,-1
29747,56
-1,-1
-1,-1
-1,-1
-1,-1
-1,-1
20602,28
-1,-1
-1,-1
-1,-1
-1,-1
-1,-1
-1,-1
-1,-1
-1,-1
-1,-1
-1,-1
18056,13
-1,-1
-1,-1
-1,-1
-1,-1
-1,-1
-1,-1
-1,-1
-1,-1
-1,-1
29533,532
-1,-1
-1,-1

