19593,1937,105306917
26111,87,4263892
23075,87,4261634
25314,96,9866712
21711,97,10747754
16706,95,9139285
12300,80,2080651
21753,92,6892513
21840,88,4427515
55353,74,1125778
28687,79,1924610
37033,83,2845923
37358,99,13040228
18697,88,4405770
20791,76,1405631
37358,76,1339573
17150,84,3114224
39015,75,1253716
46947,73,1052259
21336,90,5579398
8568,99,13039390
20919,66,531158
46625,75,1224538
21667,78,1744765
-1,-1
-1,-1
-1,-1
11468,414
4737,38
11334,66
15067,110
11688,159
7020,38
12084,3
-1,-1
10079,58
-1,-1
22965,338
-1,-1
-1,-1
11017,266
7895,50
-1,-1
2181,62
-1,-1
4570,120
-1,-1
-1,-1
11409,88
25943,81
12338,77
-1,-1
5800,93
-1,-1
-1,-1
4992,82
-1,-1
-1,-1
12903,688
-1,-1
4541,196
-1,-1
-1,-1
-1,-1
1878,89
-1,-1
13510,19
-1,-1
-1,-1
-1,-1
-1,-1
-1,-1
1419,15
-1,-1
-1,-1
5427,100
14866,608
-1,-1
12663,500

