48346,1678,39408195
38564,80,2015061
36258,80,2009929
39146,91,6109177
38024,90,5631799
38392,86,3706761
35001,71,822080
32754,88,4487415
45570,80,2049831
113656,65,483913
95090,63,394893
87379,72,986723
179102,66,523782
31757,85,3288528
33520,73,996695
74411,68,605589
56755,62,335813
44629,74,1142534
81910,60,274254
40095,81,2309746
69890,60,292936
38671,59,250328
83756,64,407660
47298,60,282748
-1,-1
-1,-1
-1,-1
17944,303
85359,2
43869,18
9636,169
21370,100
17400,12
14191,2
10960,500
-1,-1
-1,-1
3586,1026
-1,-1
-1,-1
-1,-1
-1,-1
-1,-1
-1,-1
4966,51
-1,-1
-1,-1
-1,-1
-1,-1
9186,268
-1,-1
-1,-1
-1,-1
-1,-1
-1,-1
-1,-1
-1,-1
-1,-1
-1,-1
-1,-1
-1,-1
-1,-1
-1,-1
-1,-1
-1,-1
-1,-1
-1,-1
-1,-1
-1,-1
-1,-1
-1,-1
-1,-1
-1,-1
-1,-1
-1,-1
-1,-1
-1,-1
-1,-1
-1,-1

