228678,563,9192339
300226,30,13782
502242,1,20
199221,41,43136
678941,10,1217
387442,1,44
672610,1,18
416368,3,273
208618,46,71760
142739,61,307284
107860,60,281404
125220,65,465688
53905,93,7777508
1029089,1,0
1017939,1,18
1022025,1,35
167034,19,3984
215503,40,37227
234754,30,13992
1026238,1,0
203678,1,43
1025500,1,0
1025919,1,0
54696,55,174906
-1,-1
-1,-1
-1,-1
-1,-1
-1,-1
-1,-1
-1,-1
-1,-1
-1,-1
-1,-1
-1,-1
-1,-1
-1,-1
-1,-1
-1,-1
-1,-1
-1,-1
-1,-1
-1,-1
-1,-1
-1,-1
-1,-1
-1,-1
-1,-1
-1,-1
-1,-1
-1,-1
-1,-1
-1,-1
-1,-1
-1,-1
-1,-1
-1,-1
-1,-1
-1,-1
-1,-1
-1,-1
-1,-1
-1,-1
-1,-1
-1,-1
-1,-1
-1,-1
-1,-1
-1,-1
-1,-1
-1,-1
-1,-1
-1,-1
-1,-1
-1,-1
-1,-1
49477,272
-1,-1
-1,-1

