67970,1515,18266733
70517,70,748857
62926,70,773457
65491,79,1807661
73223,75,1322137
87463,68,624693
77364,52,128987
90058,67,559193
77013,71,819281
130833,63,371692
114749,59,250445
40866,83,2727520
104297,82,2651763
83126,61,303105
75977,57,220529
83557,65,479005
77360,53,137547
62854,71,867560
47113,74,1186549
67301,66,530048
71731,59,255803
68585,44,57749
46024,76,1339244
74769,50,103908
-1,-1
-1,-1
-1,-1
73001,38
21348,12
99945,5
55754,17
77580,3
44801,1
-1,-1
-1,-1
-1,-1
-1,-1
-1,-1
-1,-1
-1,-1
-1,-1
-1,-1
-1,-1
-1,-1
-1,-1
-1,-1
-1,-1
-1,-1
-1,-1
-1,-1
-1,-1
-1,-1
-1,-1
-1,-1
-1,-1
-1,-1
-1,-1
-1,-1
-1,-1
-1,-1
-1,-1
-1,-1
-1,-1
-1,-1
-1,-1
-1,-1
-1,-1
-1,-1
-1,-1
-1,-1
-1,-1
-1,-1
-1,-1
-1,-1
-1,-1
-1,-1
82233,126
-1,-1
-1,-1

