13878,1972,107819043
14925,92,7143028
16981,90,5366337
18428,97,11236783
17370,97,11385120
19312,92,6548466
19023,75,1250998
18589,92,6871609
13495,90,5848061
18887,83,2768947
24920,80,1986089
23630,86,3626653
23863,99,13052261
14751,88,4590242
13882,79,1895232
21207,80,1992437
22462,79,1823702
17198,80,2032781
21101,85,3377621
14409,92,6896771
21458,86,3653129
9988,75,1248178
42219,75,1215865
17396,80,2008733
-1,-1
-1,-1
-1,-1
28809,150
68180,2
42779,16
35066,31
20662,85
12224,16
-1,-1
-1,-1
-1,-1
-1,-1
4469,850
-1,-1
7721,1
11139,50
-1,-1
-1,-1
-1,-1
-1,-1
-1,-1
-1,-1
34417,5
-1,-1
-1,-1
-1,-1
-1,-1
-1,-1
-1,-1
6163,13
12087,36
-1,-1
10729,11
7855,922
-1,-1
-1,-1
-1,-1
-1,-1
1237,71
3677,15
16186,9
-1,-1
-1,-1
-1,-1
-1,-1
-1,-1
20028,1
-1,-1
-1,-1
12691,6
11550,598
-1,-1
11710,292

