9703,2066,151179225
13081,96,9958496
15181,92,6872684
17603,99,13037574
14220,99,15820809
15283,96,10539789
10111,83,2684810
15504,95,9508021
10513,94,8073404
10348,90,5422596
12085,88,4658593
23096,88,4450914
14996,99,13167560
7570,94,8038976
13704,83,2680753
16323,83,2792792
16522,85,3503858
14613,82,2457786
20472,90,5671860
12579,95,8964202
19275,90,5530164
8656,80,2039646
31909,82,2596953
12208,83,2706985
-1,-1
-1,-1
-1,-1
27341,200
75097,3
35331,23
32792,44
21804,98
8992,31
22286,1
-1,-1
-1,-1
-1,-1
1894,1234
-1,-1
-1,-1
11876,251
-1,-1
-1,-1
855,177
-1,-1
-1,-1
-1,-1
-1,-1
-1,-1
-1,-1
-1,-1
-1,-1
-1,-1
-1,-1
-1,-1
11163,54
-1,-1
-1,-1
7071,1350
-1,-1
-1,-1
-1,-1
-1,-1
-1,-1
2795,71
-1,-1
18223,14
-1,-1
-1,-1
-1,-1
8328,191
-1,-1
-1,-1
-1,-1
-1,-1
-1,-1
17444,601
6247,87
8107,916

