21297,1936,102702841
16991,93,7938021
13645,93,7938071
23145,97,11023957
17064,99,14144368
23193,92,7086343
15255,80,1993894
20512,93,7834174
16056,91,6116521
17936,85,3406807
39038,76,1370138
40236,83,2802750
114061,81,2231824
13247,93,7211863
27219,75,1211509
33231,77,1621914
25956,80,2100695
35623,76,1382833
39315,78,1726370
16136,93,7626133
35086,81,2351238
18535,69,728994
59579,71,858787
22708,80,1995637
-1,-1
-1,-1
-1,-1
12879,399
23555,11
14808,55
13761,127
11808,164
7339,39
11970,3
-1,-1
-1,-1
-1,-1
19146,453
-1,-1
-1,-1
13426,187
-1,-1
-1,-1
-1,-1
5044,51
-1,-1
-1,-1
-1,-1
-1,-1
2978,489
-1,-1
-1,-1
-1,-1
-1,-1
-1,-1
25123,25
-1,-1
-1,-1
23685,157
-1,-1
-1,-1
-1,-1
-1,-1
-1,-1
-1,-1
-1,-1
7583,31
-1,-1
-1,-1
-1,-1
10143,135
-1,-1
-1,-1
3297,104
-1,-1
9698,51
89090,114
5769,100
5749,1181

