3308,2155,268226313
2374,99,18161947
1613,99,18079061
2701,99,19571470
2254,99,32862891
2438,99,27267238
2958,90,5384918
2698,99,18314486
6768,95,9174185
7423,90,5861794
3927,94,8008338
10277,92,6966569
43755,94,7989880
3082,99,13094666
3756,89,5128600
9633,85,3456206
1884,98,12152367
3775,90,5438909
20352,86,3598342
1626,99,16830116
2622,99,16162565
6471,80,2098912
3558,95,8965764
4011,86,3657089
-1,-1
1588,25
-1,-1
6813,521
82138,1
4755,122
17489,81
4607,245
3357,59
3612,13
-1,-1
8062,23
1062,1307
5758,753
-1,-1
1734,52
530,1629
1513,392
-1,-1
272,261
13176,1
3819,87
-1,-1
19897,23
11062,47
8949,208
10898,50
-1,-1
5840,39
918,763
8305,3
7003,54
7784,4
1614,214
1447,2828
721,557
8425,40
1447,2
-1,-1
5177,7
9264,1
3607,36
-1,-1
-1,-1
-1,-1
1207,863
-1,-1
14469,1
-1,-1
-1,-1
2190,227
25430,350
4130,81
3491,1243

