2982,2183,310211567
2212,99,19914629
1254,99,20452541
2225,99,22661252
1780,99,38712206
1822,99,34066197
2631,92,6534095
2259,99,20510632
4918,99,13040250
7985,91,6215104
2020,99,13101210
10345,93,7688643
50205,94,8052904
2863,99,13268868
3559,90,5486840
7899,88,4603024
1275,99,13331503
3921,91,5904990
19392,90,5398588
1801,99,17311706
3185,99,16285969
7675,80,2110906
3625,96,10148377
3539,90,5411133
-1,-1
1620,25
-1,-1
7385,539
99990,1
5424,122
19196,83
4891,252
3281,66
3699,15
9573,500
-1,-1
1502,1307
7336,759
-1,-1
2419,52
699,1629
801,745
-1,-1
236,341
-1,-1
1986,378
-1,-1
-1,-1
7255,156
6355,317
7280,159
-1,-1
-1,-1
1179,763
-1,-1
9781,54
-1,-1
2127,214
1819,2828
557,716
9635,63
2031,2
587,51
-1,-1
-1,-1
2322,67
4731,36
-1,-1
-1,-1
1782,54
1579,863
-1,-1
-1,-1
-1,-1
-1,-1
1735,404
38187,350
5896,81
2302,1721

