23486,1901,106970881
16912,93,7460796
18422,90,5585590
25081,96,10043337
24944,95,9587760
34266,87,4185207
27408,73,1005693
35510,86,3730011
26861,86,3634274
7515,92,6891336
20966,82,2550706
863,99,15715920
10546,99,13416159
25318,86,3605788
38468,70,798381
20166,81,2320500
34139,74,1157190
15765,81,2290450
44269,75,1225939
20095,91,5993636
42283,76,1385168
53012,50,111031
12309,87,4147595
61295,52,128414
-1,-1
-1,-1
-1,-1
56270,62
-1,-1
65302,10
59508,14
38504,38
-1,-1
-1,-1
-1,-1
-1,-1
-1,-1
23244,344
-1,-1
-1,-1
13941,118
-1,-1
-1,-1
-1,-1
-1,-1
-1,-1
-1,-1
-1,-1
-1,-1
17196,155
-1,-1
-1,-1
-1,-1
-1,-1
-1,-1
34819,11
-1,-1
-1,-1
23191,120
-1,-1
-1,-1
-1,-1
-1,-1
-1,-1
-1,-1
-1,-1
-1,-1
-1,-1
-1,-1
-1,-1
-1,-1
-1,-1
-1,-1
-1,-1
-1,-1
-1,-1
11731,625
-1,-1
-1,-1

