10160,2024,157909527
9631,97,10914233
16128,90,5457606
5966,99,15051622
5995,99,22549197
5182,99,18593035
8608,82,2470239
5214,99,14631377
19125,87,4278392
37141,76,1446127
11242,87,4143644
25609,85,3379820
139369,70,768065
4541,96,9835056
5093,88,4564904
18649,80,2132337
11560,86,3840501
13952,81,2231371
13884,92,6684759
5403,98,12097646
13584,91,6149611
9264,77,1476448
28346,82,2479535
8215,83,2734002
-1,-1
15904,5
-1,-1
12946,339
-1,-1
44185,15
9326,149
9341,167
18067,7
17932,1
-1,-1
4522,245
989,1358
10178,558
2658,5
5967,3
3408,765
2453,244
-1,-1
1612,53
8335,10
4376,65
-1,-1
4325,91
3623,241
364,1009
4333,212
-1,-1
3160,219
8924,6
8200,4
10115,42
11897,1
12963,4
3073,1940
3444,100
5317,116
-1,-1
-1,-1
-1,-1
4364,8
7337,24
-1,-1
-1,-1
-1,-1
9353,6
-1,-1
14500,1
-1,-1
-1,-1
6884,50
69874,39
2937,129
4601,1062

