5424,2128,234939548
7667,99,13273272
712,99,24274781
5622,99,16282446
3655,99,30102905
5197,99,21265334
6060,86,3630499
4063,99,17209021
15452,91,6022866
14646,86,3799552
8017,91,5956633
12951,92,6688499
44584,99,13034539
14035,91,6126012
7955,87,3991532
12370,85,3361505
8355,90,5684203
7876,86,3669117
17198,91,6233972
1683,99,17725333
14016,93,7418372
6745,83,2786551
3140,99,13034812
5476,85,3367792
-1,-1
4448,13
-1,-1
13844,364
-1,-1
19641,39
13039,127
10037,176
12454,20
12415,2
-1,-1
10127,64
5217,536
7354,772
-1,-1
851,168
11623,234
-1,-1
-1,-1
-1,-1
-1,-1
2826,268
-1,-1
-1,-1
7333,161
14140,186
7236,167
-1,-1
6902,56
2015,485
-1,-1
19471,31
3098,197
4615,105
13873,630
5217,69
8654,87
-1,-1
-1,-1
-1,-1
-1,-1
-1,-1
874,64
-1,-1
-1,-1
-1,-1
5905,319
-1,-1
2307,11
-1,-1
-1,-1
2577,286
24276,564
2698,214
8434,850

