22077,1872,79124889
17206,91,5976081
18554,89,4862254
35304,90,5498696
26365,93,7626464
32145,86,3608480
22168,73,1065150
24278,89,5150556
25054,85,3289121
18706,83,2796517
37892,74,1170175
31677,83,2881747
4546,99,14579471
38597,76,1382194
32259,70,807936
30602,76,1391168
23479,78,1708701
44916,73,993587
40970,73,1042225
27221,87,4023374
15740,90,5377518
17174,67,561089
18499,83,2902065
33968,64,430320
-1,-1
-1,-1
-1,-1
19997,231
46551,3
17693,38
13563,107
22080,78
24512,3
12042,2
-1,-1
-1,-1
-1,-1
5195,800
524,30
-1,-1
-1,-1
13985,1
-1,-1
-1,-1
10211,4
-1,-1
-1,-1
7205,65
-1,-1
22499,50
-1,-1
-1,-1
-1,-1
9006,5
8235,4
6463,59
8801,3
6818,38
18980,32
-1,-1
-1,-1
-1,-1
4446,6
-1,-1
6550,3
18920,5
-1,-1
-1,-1
-1,-1
-1,-1
-1,-1
10914,1
-1,-1
-1,-1
-1,-1
14234,577
-1,-1
-1,-1

