147788,936,17154074
194049,44,55867
1041908,1,0
139033,56,184590
283955,29,13261
365199,1,60
327791,14,2134
189698,48,86254
138357,58,241438
98088,67,591249
147591,51,123284
54444,80,2083652
46347,99,13034610
131217,48,91472
189155,37,29851
214430,41,41517
122127,33,18899
155653,56,195105
95822,56,184894
203096,9,1090
189943,5,418
197440,9,1000
110142,52,126404
99989,42,47025
-1,-1
-1,-1
-1,-1
101269,18
19254,14
111772,4
-1,-1
-1,-1
-1,-1
-1,-1
-1,-1
-1,-1
-1,-1
-1,-1
-1,-1
-1,-1
-1,-1
-1,-1
-1,-1
-1,-1
-1,-1
-1,-1
-1,-1
-1,-1
-1,-1
-1,-1
-1,-1
-1,-1
-1,-1
-1,-1
-1,-1
-1,-1
-1,-1
-1,-1
-1,-1
-1,-1
-1,-1
-1,-1
-1,-1
-1,-1
-1,-1
-1,-1
-1,-1
-1,-1
-1,-1
-1,-1
-1,-1
-1,-1
-1,-1
-1,-1
-1,-1
-1,-1
28559,552
-1,-1
-1,-1

