17613,1925,85413773
21900,88,4610844
18340,89,4959384
29226,93,7523314
20978,95,9605648
18831,92,6708967
10232,80,2112381
13036,95,9175183
18022,88,4550203
18484,83,2834768
18717,82,2477416
27121,85,3261238
98215,80,2007343
21427,85,3545551
19239,75,1303863
22870,79,1860196
18123,82,2516792
20344,79,1897471
40184,74,1100214
20014,89,5181229
19443,87,4160516
13395,70,800204
41880,75,1230144
17859,80,1990904
-1,-1
-1,-1
-1,-1
7975,476
10345,16
6438,98
13306,109
5691,222
8559,26
7306,5
-1,-1
7287,52
-1,-1
13235,460
-1,-1
-1,-1
-1,-1
-1,-1
-1,-1
-1,-1
1881,113
10630,1
-1,-1
2533,132
6723,132
16362,110
4702,199
-1,-1
-1,-1
11314,2
-1,-1
7848,52
-1,-1
4573,74
15788,212
-1,-1
-1,-1
-1,-1
18154,1
3307,26
3178,26
10760,18
-1,-1
-1,-1
-1,-1
-1,-1
-1,-1
27053,1
-1,-1
-1,-1
-1,-1
52708,112
-1,-1
-1,-1

