13182,2018,135987591
13355,95,9680991
11217,95,9092218
8985,99,14251108
14877,99,15100689
20086,93,7807335
7937,85,3281108
6875,99,14421466
18907,90,5349471
46725,76,1343082
17573,84,3165854
45368,82,2498451
81199,87,4010193
5526,96,10516259
12172,84,2955155
46043,74,1116105
16008,86,3604136
11313,84,3145623
32767,81,2194032
13201,94,8572569
15150,92,6961031
11740,77,1475897
28548,83,2694208
10048,83,2750610
-1,-1
-1,-1
-1,-1
7771,539
23225,11
24037,33
4921,270
8552,194
10363,26
9269,5
-1,-1
5727,311
-1,-1
7142,788
-1,-1
-1,-1
3290,931
-1,-1
-1,-1
-1,-1
-1,-1
-1,-1
-1,-1
-1,-1
10212,110
18121,149
11094,100
-1,-1
-1,-1
7042,62
-1,-1
25839,21
-1,-1
2506,197
8985,1082
-1,-1
9181,81
2971,2
-1,-1
-1,-1
-1,-1
-1,-1
18935,12
-1,-1
-1,-1
-1,-1
3038,602
-1,-1
-1,-1
-1,-1
-1,-1
-1,-1
66543,178
-1,-1
11665,601

