21210,1914,99670698
26741,86,3895498
26770,85,3262110
31448,93,7865566
30304,93,7448315
28655,89,5006724
45700,70,744399
30531,88,4500540
23588,87,3980256
40593,77,1478332
25582,80,2064003
12620,92,6629278
88142,85,3269516
32937,83,2712481
36241,71,816325
25658,79,1910522
21357,82,2467386
16068,81,2221681
1574,99,16897812
27297,88,4386698
6271,99,13769960
33698,60,279561
13576,86,3737501
42160,61,326234
-1,-1
-1,-1
-1,-1
41998,99
61690,3
113962,3
27340,53
36798,39
40309,1
-1,-1
-1,-1
-1,-1
-1,-1
-1,-1
-1,-1
-1,-1
-1,-1
-1,-1
-1,-1
-1,-1
-1,-1
-1,-1
-1,-1
-1,-1
-1,-1
-1,-1
-1,-1
-1,-1
-1,-1
-1,-1
-1,-1
4723,82
-1,-1
-1,-1
22503,104
-1,-1
-1,-1
-1,-1
-1,-1
-1,-1
-1,-1
-1,-1
-1,-1
-1,-1
-1,-1
-1,-1
-1,-1
-1,-1
-1,-1
-1,-1
-1,-1
-1,-1
65961,154
-1,-1
-1,-1

