88852,1328,8306844
67315,70,753971
70266,70,739563
69585,76,1337843
77772,73,1060921
121393,53,140819
77967,51,118108
91973,66,505157
149954,55,170929
150387,60,276964
132918,54,157426
178211,54,153854
204502,53,148755
97332,55,169965
69205,59,249893
126156,56,184615
81291,49,97641
145693,57,213489
53306,71,863093
74782,62,338362
93331,44,60697
112200,26,8830
77525,65,457971
77599,49,97978
-1,-1
-1,-1
-1,-1
69332,40
18627,13
89277,6
50418,20
90190,1
-1,-1
-1,-1
-1,-1
-1,-1
-1,-1
-1,-1
-1,-1
-1,-1
-1,-1
-1,-1
-1,-1
-1,-1
-1,-1
-1,-1
-1,-1
-1,-1
-1,-1
-1,-1
-1,-1
-1,-1
-1,-1
-1,-1
-1,-1
-1,-1
-1,-1
-1,-1
-1,-1
-1,-1
-1,-1
-1,-1
-1,-1
-1,-1
-1,-1
-1,-1
-1,-1
-1,-1
-1,-1
-1,-1
-1,-1
-1,-1
-1,-1
-1,-1
-1,-1
-1,-1
-1,-1
-1,-1
-1,-1

