32043,1827,98507265
102629,61,323883
64285,70,761200
5359,99,16776855
14877,99,15311828
5555,99,21049987
20500,77,1476344
15485,95,9509827
30913,85,3288013
48796,75,1308023
44877,74,1136798
93020,71,869157
179756,66,512932
19910,88,4388787
24271,75,1278534
60310,71,827278
18844,84,2958550
55105,72,961700
64418,67,593996
14924,93,7932868
33573,82,2427620
30545,62,344735
37586,80,2035758
19840,82,2432592
-1,-1
-1,-1
-1,-1
3416,825
-1,-1
46214,17
2641,392
1902,372
7379,38
8266,6
-1,-1
-1,-1
-1,-1
4053,1000
-1,-1
-1,-1
14569,107
7493,71
-1,-1
-1,-1
2457,111
3168,247
-1,-1
13398,52
-1,-1
20897,129
-1,-1
-1,-1
-1,-1
-1,-1
-1,-1
27504,20
-1,-1
-1,-1
21407,225
5760,57
-1,-1
-1,-1
-1,-1
-1,-1
-1,-1
-1,-1
5445,36
-1,-1
-1,-1
-1,-1
-1,-1
-1,-1
-1,-1
-1,-1
-1,-1
8465,54
-1,-1
-1,-1
12226,580

