42973,1654,55284773
66847,70,738032
86469,60,274836
66338,74,1154340
79522,69,736121
70261,70,771611
93335,45,64566
41971,80,2115451
52913,74,1157302
71809,69,730621
31831,76,1414016
8867,94,7947932
20722,99,13058873
32480,80,1998747
53792,60,291006
54856,70,749939
35489,70,791575
20372,79,1890683
5608,99,13547394
74918,58,230371
19184,87,4216032
55577,46,68526
41912,75,1228331
59109,50,108468
-1,-1
18098,3
-1,-1
59371,42
23000,8
50738,13
51284,15
61213,5
37812,1
-1,-1
-1,-1
-1,-1
-1,-1
-1,-1
-1,-1
-1,-1
-1,-1
-1,-1
-1,-1
-1,-1
-1,-1
-1,-1
-1,-1
38160,2
-1,-1
-1,-1
-1,-1
-1,-1
-1,-1
-1,-1
-1,-1
18775,21
-1,-1
-1,-1
-1,-1
-1,-1
-1,-1
-1,-1
-1,-1
-1,-1
-1,-1
-1,-1
-1,-1
-1,-1
-1,-1
-1,-1
-1,-1
-1,-1
-1,-1
-1,-1
-1,-1
20283,527
-1,-1
-1,-1

