1609,2236,413735185
1629,99,22174167
778,99,23397181
971,99,31718218
850,99,50004691
842,99,46311919
508,99,13343909
885,99,27479392
1699,99,15389693
3243,99,13080505
4048,94,8766604
8268,95,9249872
9002,99,13540065
6422,94,8383641
2394,92,6650648
3631,94,8654353
879,99,13865269
3468,92,6601372
4078,99,14174733
491,99,23931836
1102,99,22609874
2905,91,5954121
844,99,15336985
1215,99,13116137
-1,-1
11529,7
-1,-1
1474,1132
98740,1
13340,55
952,575
1841,368
1910,91
1132,42
-1,-1
1247,772
1599,1270
808,1506
-1,-1
2035,65
1972,1137
1720,439
-1,-1
-1,-1
-1,-1
236,1187
413,565
-1,-1
4029,260
8658,262
4187,258
-1,-1
2310,401
3234,260
1505,145
10500,52
962,493
2998,155
1580,3010
113,1220
3478,237
2592,2
-1,-1
-1,-1
-1,-1
-1,-1
676,67
-1,-1
177,232
1494,90
7399,202
-1,-1
-1,-1
4245,64
-1,-1
1380,500
6188,656
-1,-1
1858,1890

