62075,1540,27858356
61124,71,816681
62730,70,757128
75208,74,1104727
69801,76,1348708
66157,74,1179857
54800,63,377108
80591,68,661887
47842,78,1763357
57986,73,1049504
81226,65,490013
111645,67,585605
31074,99,13047903
77102,61,316222
52233,63,398590
40929,75,1225264
79080,50,104734
45282,73,1085722
80812,59,250160
61419,68,639647
78852,52,135194
55999,49,92853
87107,61,310816
63302,51,116676
-1,-1
-1,-1
-1,-1
68719,40
128293,1
76986,8
60594,13
51657,17
41981,1
-1,-1
-1,-1
-1,-1
-1,-1
-1,-1
-1,-1
-1,-1
-1,-1
-1,-1
-1,-1
-1,-1
-1,-1
-1,-1
-1,-1
-1,-1
-1,-1
-1,-1
-1,-1
-1,-1
-1,-1
-1,-1
-1,-1
-1,-1
-1,-1
-1,-1
-1,-1
-1,-1
-1,-1
-1,-1
-1,-1
-1,-1
-1,-1
-1,-1
-1,-1
-1,-1
-1,-1
-1,-1
-1,-1
-1,-1
-1,-1
-1,-1
-1,-1
-1,-1
26832,547
-1,-1
-1,-1

