12108,1998,118630309
14698,93,7232027
18208,89,5007645
25966,94,8679637
17145,97,11503018
17366,93,7265064
12295,80,1988781
13947,94,8736461
12840,91,6009404
17291,84,3046758
14256,85,3331711
16794,89,5179326
13438,99,13118748
12204,90,5529166
13598,80,1986074
14821,82,2527574
11743,86,3792227
18435,80,2000805
13368,92,7122008
19463,89,5327973
17675,88,4653679
7745,78,1712022
28348,82,2482410
34833,63,397791
-1,-1
14045,6
-1,-1
24105,188
17581,10
9931,66
20844,66
31250,44
29873,2
-1,-1
-1,-1
-1,-1
-1,-1
7702,661
8258,1
2511,31
5055,562
6958,28
-1,-1
-1,-1
-1,-1
3281,128
-1,-1
-1,-1
10193,62
7602,240
-1,-1
-1,-1
2822,262
-1,-1
-1,-1
8980,47
-1,-1
6558,40
16073,188
3545,94
4142,160
5122,1
-1,-1
-1,-1
-1,-1
14255,12
-1,-1
-1,-1
-1,-1
-1,-1
-1,-1
6630,3
-1,-1
-1,-1
13406,1
18788,539
-1,-1
4998,1008

