43335,1650,28044270
53523,71,834203
46640,72,903479
42070,86,3612423
41962,84,3212555
31631,86,3673451
35045,70,766034
43520,79,1976327
51480,75,1212439
71232,70,737726
74174,65,472820
86741,70,749674
141287,70,748880
45756,73,1029473
36591,70,738655
50641,71,821397
38278,69,674248
67666,70,765284
38522,75,1210970
43050,75,1265750
58216,60,291031
34410,57,213619
33675,80,1997889
51318,52,135943
-1,-1
-1,-1
-1,-1
61142,39
51047,3
121459,2
40236,24
52583,10
-1,-1
-1,-1
-1,-1
-1,-1
-1,-1
21276,238
-1,-1
-1,-1
-1,-1
-1,-1
-1,-1
-1,-1
-1,-1
-1,-1
-1,-1
8451,57
-1,-1
-1,-1
-1,-1
-1,-1
-1,-1
16592,1
-1,-1
-1,-1
-1,-1
-1,-1
-1,-1
-1,-1
-1,-1
-1,-1
15764,1
-1,-1
-1,-1
-1,-1
-1,-1
-1,-1
-1,-1
-1,-1
-1,-1
-1,-1
-1,-1
-1,-1
-1,-1
70006,40
-1,-1
-1,-1

