12687,1988,159177362
6365,99,13260826
7165,97,11693557
10067,99,13426033
4879,99,24645990
3260,99,23966404
5741,85,3328838
7576,98,12785808
8263,94,8098107
45086,75,1233065
5505,92,6594281
20535,87,4146109
74681,85,3324542
11649,90,5793630
12901,80,2047537
32741,75,1303596
8371,90,5375352
30826,76,1345785
36242,75,1282683
8337,96,9821767
34793,76,1474770
15907,68,617973
52933,70,795365
7215,83,2815344
-1,-1
-1,-1
-1,-1
4881,629
52843,3
5210,115
9909,142
2367,325
5805,39
7492,5
-1,-1
2970,399
3755,517
7512,671
-1,-1
-1,-1
5645,501
5762,50
-1,-1
11491,1
83,802
1766,325
-1,-1
741,331
2003,363
4759,326
2213,348
-1,-1
5076,71
13735,1
2568,68
24580,11
12393,1
2915,126
8669,822
4899,18
11508,7
3269,1
-1,-1
-1,-1
687,246
3474,37
3450,4
-1,-1
-1,-1
2688,526
-1,-1
3173,7
6120,11
-1,-1
7012,50
46748,139
2689,144
3288,1302

