6227,2090,163427751
11980,95,8990233
13639,91,6306633
11267,99,13239708
10921,99,16245184
7618,99,14739032
6716,85,3269203
17797,92,7171795
18806,88,4388466
8682,90,5348758
14705,85,3263609
29096,84,3076478
55542,90,5367378
10761,92,6535429
3444,90,5350963
9433,85,3538287
8306,90,5386480
14736,81,2194383
7885,99,13203538
13304,93,7414234
13166,91,6377042
2578,90,5622532
1280,99,13724261
11649,83,2674125
-1,-1
16896,4
-1,-1
29592,145
52808,3
30434,23
28565,43
26481,60
13869,13
9703,3
-1,-1
-1,-1
-1,-1
6955,700
-1,-1
5707,3
11591,24
-1,-1
-1,-1
8165,3
11147,3
9135,2
-1,-1
4258,93
2033,362
1342,604
1933,380
-1,-1
10145,1
14872,1
-1,-1
18807,21
13731,1
15587,2
11241,563
7624,1
13552,1
-1,-1
-1,-1
-1,-1
6309,3
24080,1
-1,-1
-1,-1
-1,-1
9945,1
-1,-1
2977,8
250,474
6867,1
-1,-1
32830,251
-1,-1
11986,269

