17005,1929,113064394
7048,99,13088265
20732,86,3951480
11758,99,13175056
13088,99,14227536
10107,98,12393321
22872,73,1010832
30914,85,3561900
21487,86,3747139
13797,85,3452833
23327,80,2031505
48488,79,1888106
100456,80,1987243
29563,81,2409111
32938,70,782306
43020,72,982186
16215,83,2743468
23630,77,1582234
10617,98,11887408
33904,81,2288079
7270,97,11703115
15274,68,646086
20912,83,2763813
24826,70,761372
-1,-1
-1,-1
-1,-1
10368,399
12257,13
3147,166
10890,130
21579,80
15815,10
-1,-1
-1,-1
-1,-1
-1,-1
33094,44
-1,-1
-1,-1
-1,-1
15214,1
-1,-1
12822,1
14395,1
-1,-1
-1,-1
14423,35
-1,-1
25308,23
17303,1
-1,-1
-1,-1
15482,1
5885,14
1544,108
14530,1
-1,-1
-1,-1
-1,-1
-1,-1
-1,-1
-1,-1
5500,6
4090,10
-1,-1
1405,27
1002,3
-1,-1
-1,-1
-1,-1
20251,1
-1,-1
-1,-1
-1,-1
50508,110
6498,28
17670,1

