18597,1955,110207851
25369,88,4774386
27949,85,3265835
25286,96,10061776
25513,95,9499014
29148,89,5287657
20357,76,1459823
23498,92,6624719
29733,85,3336900
35205,79,1803307
49788,72,982600
41324,83,2681442
29092,99,13052547
13287,93,7196645
29043,74,1111415
27689,79,1866336
15916,86,3617399
48489,73,1046093
9696,99,13175235
23272,89,5307450
14387,93,7378978
28827,62,367868
13692,86,3868381
18439,82,2442045
-1,-1
-1,-1
-1,-1
24793,220
118547,1
118027,3
32821,43
12335,156
14679,16
21643,1
-1,-1
4186,419
-1,-1
15656,515
-1,-1
-1,-1
-1,-1
-1,-1
-1,-1
-1,-1
-1,-1
-1,-1
-1,-1
-1,-1
13969,63
28549,72
14071,64
-1,-1
-1,-1
-1,-1
-1,-1
8012,66
-1,-1
-1,-1
23575,119
-1,-1
8570,93
-1,-1
-1,-1
-1,-1
-1,-1
-1,-1
14730,18
-1,-1
-1,-1
-1,-1
-1,-1
-1,-1
-1,-1
-1,-1
-1,-1
-1,-1
31291,531
-1,-1
17092,255

