411,2277,507727498
1049,99,25816748
899,99,22505657
864,99,33530177
780,99,52057771
889,99,45331351
1003,99,13074690
296,99,37790740
549,99,22074205
801,99,16341247
368,99,16944638
2227,99,13619259
4248,99,15252104
258,99,17502691
459,99,13568765
1506,99,13274782
238,99,19352869
1697,99,13062685
2569,99,15168879
1262,99,18909790
326,99,36740492
679,99,13158301
377,99,19503535
1012,99,13146122
-1,-1
6727,10
-1,-1
2258,957
-1,-1
10593,68
2416,399
1853,367
1793,93
1754,30
-1,-1
1547,700
2238,1053
333,1850
-1,-1
-1,-1
450,1860
864,712
-1,-1
2276,54
30,1126
116,1462
-1,-1
2,1837
603,780
1121,705
588,805
-1,-1
849,771
-1,-1
-1,-1
2231,110
118,1352
523,584
4500,1740
335,854
2150,330
-1,-1
-1,-1
-1,-1
-1,-1
899,225
16116,14
-1,-1
123,297
1157,153
2069,745
-1,-1
759,20
1025,260
-1,-1
108,2019
33651,454
-1,-1
413,3107

