6410,2108,183697428
8449,99,13087637
12197,94,8192832
8271,99,14446076
11092,99,17977799
12698,98,12039972
11518,81,2201897
13581,96,10008233
11757,93,7213527
4550,99,13034650
10471,89,5291155
17568,90,5786526
151130,72,949783
13168,92,6711979
11253,84,3076675
3652,95,8811668
9265,90,5472498
7457,86,3738770
5452,99,13772439
9792,96,9927950
15323,92,6654260
3281,90,5415749
5442,93,7445981
18047,82,2439372
-1,-1
11872,7
-1,-1
22349,237
-1,-1
57592,12
13122,125
25150,78
11138,22
-1,-1
-1,-1
9704,71
-1,-1
12342,586
-1,-1
-1,-1
533,1789
-1,-1
-1,-1
-1,-1
-1,-1
4118,146
-1,-1
3411,125
11423,87
21828,110
11251,91
-1,-1
3509,259
-1,-1
-1,-1
30190,14
-1,-1
-1,-1
12246,736
-1,-1
-1,-1
-1,-1
-1,-1
3667,11
-1,-1
-1,-1
13096,19
-1,-1
-1,-1
-1,-1
9100,141
-1,-1
-1,-1
-1,-1
-1,-1
-1,-1
105639,50
-1,-1
14328,386

