23283,1859,67419435
26931,84,3175158
24285,84,3200847
27672,94,8087212
25197,94,8019602
23803,89,5311668
18847,75,1260317
22127,90,5755773
20535,87,3983057
62874,71,833480
48569,71,851992
37145,82,2560682
110712,77,1496385
25392,85,3297949
21305,75,1218453
28945,77,1476897
19055,82,2440693
26522,77,1475671
24116,83,2704346
20895,89,4983698
32116,78,1764175
21660,64,426258
59133,69,668797
16526,82,2426325
-1,-1
-1,-1
-1,-1
35062,111
-1,-1
58210,10
26998,46
30695,45
18008,7
9102,3
-1,-1
5345,183
-1,-1
17060,345
-1,-1
-1,-1
-1,-1
10771,4
-1,-1
-1,-1
5209,35
-1,-1
-1,-1
26292,15
11903,41
6213,278
7971,105
-1,-1
-1,-1
10593,3
-1,-1
24405,12
6862,10
-1,-1
11384,547
-1,-1
-1,-1
-1,-1
-1,-1
-1,-1
-1,-1
17187,8
-1,-1
-1,-1
-1,-1
-1,-1
-1,-1
27874,1
-1,-1
-1,-1
-1,-1
67963,49
-1,-1
8937,537

