42875,1715,49111313
25569,88,4529522
22505,88,4528604
41742,89,5275222
33512,92,6766363
32465,88,4456532
29951,72,906278
44699,82,2443974
34306,83,2792006
97763,67,564724
75879,67,553896
93031,71,822658
73413,88,4617814
55199,71,826856
69580,59,248834
62466,70,758486
41499,70,763642
85037,70,739873
96068,55,166883
29876,87,4146077
65440,62,339913
60772,46,74833
36341,80,2050462
32658,70,737861
-1,-1
-1,-1
-1,-1
52812,69
88207,2
38885,20
42036,28
50949,18
37889,1
-1,-1
-1,-1
-1,-1
-1,-1
37550,122
-1,-1
-1,-1
-1,-1
-1,-1
-1,-1
-1,-1
-1,-1
-1,-1
-1,-1
-1,-1
-1,-1
-1,-1
-1,-1
-1,-1
-1,-1
-1,-1
-1,-1
-1,-1
-1,-1
-1,-1
-1,-1
-1,-1
-1,-1
-1,-1
-1,-1
-1,-1
-1,-1
-1,-1
-1,-1
-1,-1
-1,-1
-1,-1
-1,-1
-1,-1
-1,-1
-1,-1
-1,-1
-1,-1
51596,245
-1,-1
-1,-1

