30531,1833,75264232
44173,76,1428050
51088,74,1151506
16561,99,13047349
30628,93,7687692
28753,89,5274790
30888,71,884233
36966,85,3470650
30222,85,3281349
71647,71,828715
31856,78,1664384
24919,87,4030341
12394,99,13268798
28582,85,3348962
23130,75,1299106
35483,76,1432924
43577,69,694620
79685,70,755603
44659,75,1216637
34075,85,3331178
26267,85,3573462
24573,65,450162
21348,83,2914947
49456,58,228774
-1,-1
-1,-1
-1,-1
32507,155
74070,2
17988,43
25752,60
33618,50
-1,-1
-1,-1
-1,-1
-1,-1
-1,-1
21318,380
-1,-1
-1,-1
-1,-1
-1,-1
-1,-1
-1,-1
-1,-1
-1,-1
-1,-1
-1,-1
-1,-1
-1,-1
-1,-1
-1,-1
-1,-1
-1,-1
-1,-1
17306,35
-1,-1
-1,-1
-1,-1
-1,-1
-1,-1
-1,-1
-1,-1
-1,-1
-1,-1
-1,-1
18140,13
-1,-1
-1,-1
-1,-1
-1,-1
-1,-1
-1,-1
-1,-1
-1,-1
-1,-1
7456,650
-1,-1
-1,-1

