58807,1507,40673843
65609,70,738780
63473,70,738346
51114,80,2185569
68052,74,1096644
77737,67,549133
78812,48,88380
72674,68,654469
20991,86,3894152
68164,70,765181
84045,63,369342
4325,99,13042019
26858,99,13047139
91233,54,151605
94726,50,109569
111084,56,196908
81777,44,56429
29180,76,1377600
78773,56,190375
66717,62,339658
61512,58,226968
78192,34,22256
58796,69,673573
48327,54,159748
-1,-1
-1,-1
-1,-1
44948,73
67439,2
75920,7
23753,56
57321,7
36893,1
-1,-1
-1,-1
-1,-1
-1,-1
42150,2
-1,-1
-1,-1
-1,-1
-1,-1
-1,-1
-1,-1
-1,-1
-1,-1
-1,-1
-1,-1
-1,-1
-1,-1
-1,-1
-1,-1
-1,-1
-1,-1
-1,-1
-1,-1
-1,-1
-1,-1
-1,-1
-1,-1
-1,-1
-1,-1
-1,-1
-1,-1
-1,-1
-1,-1
-1,-1
-1,-1
-1,-1
-1,-1
-1,-1
-1,-1
-1,-1
-1,-1
-1,-1
22849,479
-1,-1
-1,-1

