17744,1959,103496741
21681,90,5463352
23537,87,4123781
14477,99,13127317
22056,96,10635669
26127,90,5765191
19886,76,1441615
26176,90,5693569
23307,87,4139986
18769,85,3268890
23597,81,2257468
30704,85,3300093
111524,80,2087039
10944,93,7261290
13509,82,2618834
26952,79,1867296
20663,82,2615230
8286,86,3603448
30968,81,2258005
18376,91,6409341
9545,97,11092331
28276,62,364460
40450,78,1648503
17043,82,2454033
-1,-1
-1,-1
-1,-1
13190,376
9027,23
8026,91
28700,51
8556,192
14834,15
10315,4
-1,-1
6642,240
-1,-1
33269,170
915,28
-1,-1
-1,-1
-1,-1
-1,-1
1733,81
-1,-1
-1,-1
-1,-1
-1,-1
-1,-1
24165,94
-1,-1
-1,-1
-1,-1
-1,-1
-1,-1
4213,89
-1,-1
-1,-1
14610,563
-1,-1
3625,237
-1,-1
-1,-1
-1,-1
-1,-1
-1,-1
14069,18
-1,-1
-1,-1
-1,-1
-1,-1
-1,-1
-1,-1
2501,135
-1,-1
11262,50
87960,95
6909,65
-1,-1

