18494,1948,100473046
21613,90,5446163
23467,87,4089547
17671,98,12798930
22364,96,10420024
26709,90,5574791
19652,76,1441210
26262,90,5613696
26227,86,3630926
18647,85,3268202
23431,81,2257468
30462,85,3300093
110609,80,2086937
10829,93,7259925
13381,82,2605578
26706,79,1865061
20779,82,2561630
8247,86,3600877
48769,72,969970
18561,91,6294591
9570,97,10921063
28047,62,364460
40196,78,1648021
16901,82,2453883
-1,-1
-1,-1
-1,-1
13345,370
8884,23
7957,91
28507,51
8815,188
15247,14
12093,3
-1,-1
6550,240
-1,-1
32931,170
891,28
-1,-1
-1,-1
-1,-1
-1,-1
1697,81
-1,-1
-1,-1
-1,-1
-1,-1
-1,-1
23887,94
-1,-1
-1,-1
-1,-1
-1,-1
-1,-1
4340,87
-1,-1
-1,-1
14649,548
-1,-1
5047,176
-1,-1
-1,-1
-1,-1
-1,-1
-1,-1
13949,18
-1,-1
-1,-1
-1,-1
-1,-1
-1,-1
-1,-1
2478,135
-1,-1
11192,50
86605,95
6819,65
-1,-1

