30692,1782,55740756
31644,80,2052321
24897,84,3003681
47757,82,2635976
33388,89,5154511
16616,93,7626771
20741,74,1146915
49180,77,1584179
29715,83,2710289
25285,80,2093309
28883,77,1585972
48284,79,1932091
131843,72,960281
30477,81,2234194
10036,83,2944400
2476,97,11491148
33655,72,911236
43130,73,1014982
55902,66,514068
37773,78,1764724
36614,75,1310343
30207,60,278874
74548,63,382458
34752,64,408033
-1,-1
-1,-1
-1,-1
21647,213
2535,46
19631,35
12236,118
48458,14
-1,-1
-1,-1
-1,-1
-1,-1
-1,-1
-1,-1
5564,2
-1,-1
-1,-1
-1,-1
-1,-1
-1,-1
-1,-1
-1,-1
-1,-1
-1,-1
-1,-1
-1,-1
-1,-1
-1,-1
-1,-1
-1,-1
-1,-1
23249,14
-1,-1
-1,-1
-1,-1
-1,-1
-1,-1
-1,-1
-1,-1
-1,-1
-1,-1
-1,-1
-1,-1
-1,-1
-1,-1
-1,-1
-1,-1
28374,1
-1,-1
-1,-1
-1,-1
66205,56
-1,-1
-1,-1

