3904,2140,241177276
3379,99,16075844
3303,99,14935674
1695,99,23520465
2589,99,31477753
4007,99,21625977
6992,85,3261117
4077,99,15976714
8381,94,8044003
11908,86,3963215
8416,90,5423911
749,99,15401046
10430,99,13251950
5841,94,8060257
4785,88,4808237
13247,83,2780219
4867,92,6630543
5636,87,4045399
12318,94,8275734
6752,97,10909253
9597,95,8776974
2426,91,5951803
7925,89,5178409
7318,83,2802779
-1,-1
-1,-1
-1,-1
20251,228
-1,-1
117793,2
16004,90
16594,109
10064,21
6522,6
-1,-1
2275,495
3166,639
10894,536
-1,-1
6979,1
1402,1193
2525,239
-1,-1
7002,4
8405,10
3572,109
893,144
5695,76
2291,336
6991,256
2174,354
-1,-1
4303,117
3821,131
3378,48
17832,22
4255,73
13071,4
6715,1089
2437,207
3375,200
-1,-1
14311,1
5795,6
3340,21
1901,47
4193,1
1094,2
688,208
9820,1
729,1
3531,7
3708,57
1375,45
3305,136
7446,629
4433,77
7286,715

