20642,1910,106414160
9224,98,12537813
18090,90,5404389
10582,99,13517465
11840,99,16486607
16068,95,8782745
22071,74,1200580
11485,96,10674681
29194,84,3137301
15422,85,3438796
22700,81,2224323
61659,77,1475646
65979,88,4820351
48552,74,1136722
19028,76,1436576
67234,68,612627
40118,69,726927
14584,81,2287193
33824,79,1798974
13385,93,7908562
41240,74,1200264
19776,66,526572
21580,83,2809340
18562,81,2269706
-1,-1
3081,17
-1,-1
14426,334
-1,-1
11723,60
11489,134
14376,132
21594,6
12668,2
-1,-1
-1,-1
-1,-1
3500,1000
-1,-1
-1,-1
12972,81
-1,-1
-1,-1
-1,-1
-1,-1
-1,-1
-1,-1
11603,52
-1,-1
1708,583
-1,-1
-1,-1
-1,-1
-1,-1
-1,-1
-1,-1
-1,-1
-1,-1
11089,751
-1,-1
-1,-1
-1,-1
-1,-1
-1,-1
-1,-1
-1,-1
15971,13
-1,-1
-1,-1
-1,-1
8115,153
-1,-1
1860,12
-1,-1
-1,-1
-1,-1
43735,248
-1,-1
6707,939

