18360,1914,106806988
9880,97,10694904
10441,94,8171042
24718,95,9024900
9949,99,17130430
5831,99,17291894
16952,76,1418222
19747,91,6483333
15921,89,5171698
39086,76,1375799
22882,80,2061316
33753,83,2738372
109659,77,1523492
24541,85,3319524
13494,80,1986747
49859,71,837061
18887,82,2444103
26097,77,1478887
48483,70,777016
14024,92,7084968
31724,79,1800069
15440,68,639540
48919,72,921309
15798,82,2432362
-1,-1
15197,5
-1,-1
20256,227
-1,-1
84526,5
18946,74
11981,142
19902,6
-1,-1
-1,-1
-1,-1
-1,-1
2251,1079
-1,-1
-1,-1
6958,373
7496,20
-1,-1
7646,3
10745,3
5680,32
-1,-1
29179,10
8749,85
25776,22
8319,96
-1,-1
1888,399
9793,3
5428,18
31641,2
7473,6
13436,3
15285,227
5097,12
5247,118
2474,1
1069,22
-1,-1
-1,-1
13589,12
-1,-1
-1,-1
-1,-1
-1,-1
-1,-1
7208,2
4561,35
-1,-1
-1,-1
57328,84
-1,-1
11938,253

