20183,1892,100956762
8693,98,12069358
16509,90,5403212
9607,99,13516400
11338,99,15783579
14930,94,8435321
20112,74,1200544
11636,96,9855996
56158,73,1039901
15436,85,3290882
21997,80,2132878
57405,77,1475646
60174,88,4820351
45643,73,1038432
17471,76,1411388
63880,67,587832
37415,69,707980
13296,81,2285401
32304,78,1633291
12095,93,7887172
37856,74,1200264
18021,66,524668
19937,83,2809200
18021,79,1847066
-1,-1
3104,17
-1,-1
13306,331
-1,-1
11064,59
10553,134
13366,131
20301,5
11753,2
-1,-1
-1,-1
-1,-1
2936,1000
-1,-1
-1,-1
11008,50
-1,-1
-1,-1
-1,-1
-1,-1
-1,-1
-1,-1
9541,52
15159,8
1453,583
16177,3
-1,-1
-1,-1
-1,-1
6559,10
-1,-1
-1,-1
-1,-1
9178,751
-1,-1
-1,-1
-1,-1
-1,-1
-1,-1
-1,-1
13178,13
-1,-1
-1,-1
-1,-1
6683,153
-1,-1
1620,12
-1,-1
-1,-1
-1,-1
32475,248
-1,-1
11931,257

