29795,1838,76703259
39137,80,1989836
35984,80,1994355
32817,93,7680397
38280,89,5182935
61002,76,1465565
35311,70,803288
41024,83,2861571
39015,81,2365897
1610,99,13823121
11521,88,4733357
30070,85,3367899
31378,99,13048117
51289,75,1211419
51935,64,414603
17395,82,2570953
41137,70,777830
69269,70,806046
35480,80,1986120
34456,85,3258597
23211,87,4182296
26651,63,399098
43982,76,1387279
40788,63,392680
-1,-1
-1,-1
-1,-1
27087,195
9661,22
18910,41
25321,61
29113,64
21862,7
-1,-1
-1,-1
-1,-1
-1,-1
38545,111
-1,-1
-1,-1
-1,-1
-1,-1
-1,-1
-1,-1
-1,-1
-1,-1
-1,-1
-1,-1
-1,-1
30211,56
-1,-1
-1,-1
-1,-1
-1,-1
-1,-1
19966,30
-1,-1
-1,-1
-1,-1
-1,-1
-1,-1
-1,-1
-1,-1
-1,-1
-1,-1
-1,-1
18241,13
-1,-1
-1,-1
-1,-1
-1,-1
-1,-1
-1,-1
-1,-1
-1,-1
-1,-1
30083,532
-1,-1
-1,-1

