47270,1611,30904047
54968,70,793491
61333,70,740182
58754,77,1538870
62628,75,1328333
66252,71,876916
51522,60,294870
48843,77,1596823
79222,69,700075
49391,74,1118241
54509,70,748105
121839,62,346678
22259,99,13055294
36515,77,1501699
55759,60,279944
69368,66,503205
38271,69,675651
69559,70,757455
59736,64,407354
57960,66,534061
30121,80,2021696
27263,61,313814
63854,67,550446
42907,57,220844
-1,-1
-1,-1
-1,-1
47389,66
14371,12
24804,28
60166,10
46550,16
-1,-1
-1,-1
-1,-1
-1,-1
-1,-1
-1,-1
-1,-1
-1,-1
-1,-1
-1,-1
-1,-1
-1,-1
-1,-1
-1,-1
-1,-1
14098,37
-1,-1
-1,-1
-1,-1
667,46
-1,-1
-1,-1
-1,-1
19122,20
-1,-1
-1,-1
-1,-1
-1,-1
-1,-1
-1,-1
-1,-1
-1,-1
-1,-1
-1,-1
-1,-1
-1,-1
-1,-1
-1,-1
-1,-1
27828,1
-1,-1
-1,-1
-1,-1
9847,610
-1,-1
-1,-1

