14659,1996,145797745
20067,91,5921525
27393,85,3263511
16247,99,13050484
27763,94,8476021
45046,83,2679253
21123,76,1346215
23587,91,6410920
30903,84,3200510
35717,78,1724609
15264,85,3594404
560,99,17195525
1642,99,21082923
16888,89,5110797
18806,77,1577185
31452,77,1594226
24108,80,2136933
7936,86,3643821
1749,99,16586702
24218,89,4985261
5338,99,14454064
14505,72,923382
7877,90,5738622
25019,74,1100852
-1,-1
-1,-1
-1,-1
19406,273
31612,8
27113,29
16469,101
17285,119
17405,11
8774,5
-1,-1
-1,-1
-1,-1
24542,310
-1,-1
-1,-1
-1,-1
-1,-1
-1,-1
-1,-1
-1,-1
-1,-1
-1,-1
-1,-1
-1,-1
24989,88
-1,-1
-1,-1
-1,-1
-1,-1
-1,-1
3336,98
-1,-1
-1,-1
16173,459
-1,-1
-1,-1
-1,-1
-1,-1
-1,-1
-1,-1
-1,-1
17572,13
-1,-1
-1,-1
-1,-1
-1,-1
-1,-1
-1,-1
4644,57
-1,-1
-1,-1
1244,903
2941,198
-1,-1

