11579,2052,143110791
13480,96,10272389
11000,96,9991539
23158,97,11300243
17624,99,14249738
19032,95,9124486
10700,83,2706537
33138,88,4811113
6761,98,12328963
12092,89,4930448
10106,90,5575391
21818,89,5031053
80451,88,4583653
17057,90,5595129
9691,86,3758568
7321,90,5630668
16861,86,3670550
16859,81,2362841
30495,83,2785514
14393,94,8597520
14306,94,8247155
18492,70,780939
13814,87,4085935
14571,83,2690419
-1,-1
-1,-1
-1,-1
67571,50
-1,-1
78982,8
81906,7
43949,34
43426,1
-1,-1
-1,-1
-1,-1
-1,-1
-1,-1
-1,-1
-1,-1
9664,432
-1,-1
-1,-1
-1,-1
-1,-1
-1,-1
-1,-1
-1,-1
11606,106
14394,204
11162,115
-1,-1
-1,-1
-1,-1
-1,-1
14675,48
-1,-1
-1,-1
-1,-1
-1,-1
9743,90
-1,-1
-1,-1
-1,-1
-1,-1
-1,-1
13300,21
-1,-1
-1,-1
-1,-1
12000,67
-1,-1
-1,-1
-1,-1
-1,-1
-1,-1
58166,248
-1,-1
-1,-1

