21682,1875,80355619
29667,81,2354534
27409,81,2330367
26734,94,8374866
26364,93,7592384
17141,93,7351883
15083,77,1547287
24716,89,5002435
30250,82,2632381
52358,73,1028100
30046,77,1507588
41670,81,2319048
39660,97,10731001
21091,85,3583471
19314,75,1293372
32414,75,1313041
18970,82,2439698
35241,75,1212782
41057,73,1030648
25813,87,4149505
8264,96,10140493
22117,64,412604
43770,74,1135246
22642,71,872885
-1,-1
-1,-1
-1,-1
14443,310
4208,31
10777,61
18560,76
14761,121
10860,19
12840,2
-1,-1
-1,-1
-1,-1
20243,257
8343,1
-1,-1
-1,-1
12448,2
-1,-1
14720,1
15777,1
7879,5
-1,-1
13665,38
15004,9
21346,58
-1,-1
-1,-1
-1,-1
9136,5
6660,10
5373,65
12378,1
12683,5
17822,82
-1,-1
5591,109
-1,-1
-1,-1
1955,44
6516,3
12243,15
-1,-1
-1,-1
-1,-1
-1,-1
-1,-1
1463,13
-1,-1
-1,-1
3994,100
21219,510
6050,37
13431,131

