65202,1448,22368267
98570,60,278263
99638,53,143363
117757,57,203353
101328,62,337129
79718,65,491822
101284,44,58174
71608,69,673478
92375,65,452289
47377,74,1196382
46914,71,893782
54215,77,1600447
39825,97,10697978
52118,69,690389
80855,52,135460
134421,51,118544
55050,58,238111
80687,69,689271
39943,74,1106170
96452,45,66900
48608,68,625270
82458,32,17768
39487,76,1364685
38836,60,289239
-1,-1
-1,-1
-1,-1
47316,66
42637,4
42707,16
27630,45
80115,1
-1,-1
-1,-1
-1,-1
-1,-1
-1,-1
-1,-1
3972,4
-1,-1
-1,-1
-1,-1
-1,-1
-1,-1
-1,-1
-1,-1
-1,-1
23230,19
-1,-1
27008,16
-1,-1
-1,-1
-1,-1
-1,-1
-1,-1
-1,-1
-1,-1
-1,-1
-1,-1
-1,-1
-1,-1
-1,-1
-1,-1
-1,-1
-1,-1
-1,-1
-1,-1
-1,-1
-1,-1
-1,-1
-1,-1
27973,1
-1,-1
-1,-1
-1,-1
28183,308
-1,-1
-1,-1

