371140,276,1740581
883622,1,12
1066516,1,0
1068327,1,0
1068650,10,1154
1016959,1,12
1067973,1,0
874283,1,7
414415,16,2870
205157,54,151081
199541,39,34010
436109,15,2420
138573,77,1530857
1066256,1,0
1054494,1,18
1057373,1,35
1065187,1,0
265748,30,13537
341300,20,4568
1065235,1,0
1065125,1,0
1065037,1,0
1065154,1,0
1065346,1,0
-1,-1
-1,-1
-1,-1
-1,-1
149617,1
-1,-1
-1,-1
-1,-1
-1,-1
-1,-1
-1,-1
-1,-1
-1,-1
-1,-1
-1,-1
-1,-1
-1,-1
-1,-1
-1,-1
-1,-1
-1,-1
-1,-1
-1,-1
-1,-1
-1,-1
-1,-1
-1,-1
-1,-1
-1,-1
-1,-1
-1,-1
-1,-1
-1,-1
-1,-1
-1,-1
-1,-1
-1,-1
-1,-1
-1,-1
-1,-1
-1,-1
-1,-1
-1,-1
-1,-1
-1,-1
-1,-1
-1,-1
-1,-1
-1,-1
-1,-1
-1,-1
-1,-1
108757,77
-1,-1
-1,-1

