26978,1867,73767436
20201,91,5943481
24955,86,3773589
33208,93,7604678
24996,95,9552293
30692,89,4849561
28712,72,945843
19248,93,7866716
28240,85,3449349
40909,77,1513341
30751,78,1755341
34990,84,3012019
173245,67,563715
26495,85,3470632
24035,75,1262443
28174,79,1808093
21327,82,2550987
32907,76,1405309
48408,73,1022330
22736,90,5359278
32843,81,2368947
25503,64,427728
59548,70,801235
16893,82,2460528
-1,-1
-1,-1
-1,-1
44491,95
40943,6
72271,9
31867,44
42623,30
24794,5
20404,1
-1,-1
10240,63
-1,-1
21784,370
-1,-1
-1,-1
-1,-1
-1,-1
-1,-1
-1,-1
-1,-1
-1,-1
-1,-1
8945,68
-1,-1
20330,127
-1,-1
-1,-1
-1,-1
6176,83
-1,-1
23516,24
-1,-1
-1,-1
14373,594
-1,-1
3081,270
-1,-1
-1,-1
-1,-1
-1,-1
-1,-1
12915,20
-1,-1
-1,-1
-1,-1
-1,-1
-1,-1
-1,-1
-1,-1
-1,-1
-1,-1
-1,-1
6296,80
17327,220

