16378,1940,97498572
22882,87,4241051
29609,80,2049004
13058,99,13086408
20478,96,9836896
22171,90,5725233
15041,77,1562687
20325,91,6339612
20652,87,3975299
24994,80,2115341
15890,84,2975331
71708,73,1059907
79292,84,3132889
24328,85,3333152
19730,75,1280179
46459,72,921093
15323,83,2937621
13114,81,2310627
3838,99,14072439
27581,87,4002987
14741,90,5727488
10831,73,1077632
20603,83,2783026
6893,84,2952670
-1,-1
4577,13
-1,-1
35553,109
-1,-1
86155,5
36203,29
24781,66
16291,9
-1,-1
-1,-1
-1,-1
-1,-1
5891,756
-1,-1
-1,-1
-1,-1
-1,-1
-1,-1
-1,-1
-1,-1
-1,-1
-1,-1
-1,-1
-1,-1
13734,141
-1,-1
-1,-1
-1,-1
942,759
-1,-1
25741,10
15497,1
-1,-1
19367,18
-1,-1
7688,59
-1,-1
-1,-1
-1,-1
-1,-1
14133,12
-1,-1
-1,-1
-1,-1
-1,-1
-1,-1
22134,1
-1,-1
-1,-1
-1,-1
39938,188
-1,-1
3059,1361

