25517,1905,93543179
38782,80,2144174
36147,80,2141613
31146,95,8931334
36003,92,6989300
30579,90,5514407
37706,71,814681
37422,87,3972319
30857,85,3469519
40141,78,1679511
38805,76,1431339
19144,91,5902997
11774,99,13395356
24806,87,3991642
41824,70,807007
26851,80,2030794
29478,79,1806132
34266,76,1463228
4798,99,14170273
33142,87,4102752
20173,90,5767847
25866,65,478441
42553,78,1765093
31874,70,773420
-1,-1
-1,-1
-1,-1
27535,212
57098,4
31697,27
16026,113
32750,61
24040,7
-1,-1
6408,505
-1,-1
-1,-1
33176,228
-1,-1
-1,-1
-1,-1
-1,-1
-1,-1
-1,-1
-1,-1
-1,-1
-1,-1
-1,-1
-1,-1
32342,66
-1,-1
-1,-1
-1,-1
-1,-1
-1,-1
28356,23
-1,-1
-1,-1
-1,-1
-1,-1
-1,-1
-1,-1
-1,-1
-1,-1
-1,-1
-1,-1
23647,10
-1,-1
-1,-1
-1,-1
-1,-1
-1,-1
-1,-1
-1,-1
-1,-1
-1,-1
23241,582
-1,-1
-1,-1

