28789,1803,52084796
41381,75,1252421
34268,78,1684831
33188,91,6185181
32952,89,5318881
27696,88,4411786
26084,71,893909
28765,87,4092668
22068,86,3693948
52648,73,1028333
37884,74,1174295
33338,83,2778104
71118,86,3617117
30633,81,2214885
29904,71,896375
34572,75,1244760
30423,74,1096728
24434,77,1550824
51087,70,738335
32816,82,2536277
21681,86,3619676
20191,65,464411
52462,71,815344
24074,70,775707
-1,-1
-1,-1
-1,-1
22887,201
7458,20
14333,47
30978,38
19478,92
25248,3
17030,1
-1,-1
-1,-1
-1,-1
19764,280
-1,-1
-1,-1
-1,-1
-1,-1
-1,-1
-1,-1
-1,-1
-1,-1
-1,-1
23444,19
-1,-1
-1,-1
-1,-1
-1,-1
-1,-1
-1,-1
-1,-1
6634,58
-1,-1
7661,30
-1,-1
-1,-1
-1,-1
-1,-1
3604,8
-1,-1
-1,-1
-1,-1
-1,-1
-1,-1
-1,-1
-1,-1
-1,-1
-1,-1
-1,-1
-1,-1
-1,-1
37339,210
2847,140
-1,-1

