13839,1973,101234379
22521,88,4393670
20971,86,3949091
16158,98,12347929
17420,97,11375427
14642,94,8669739
13813,78,1705937
14542,94,8504794
26053,84,3219727
28187,79,1951241
14972,84,3191869
14959,91,5903071
93927,80,2155433
22348,85,3446697
11157,83,2674281
18793,80,2130209
12550,86,3655542
15396,80,2131022
24996,82,2521296
22400,88,4695616
20368,86,3923270
6907,80,2003169
12064,86,3712063
6368,84,2973286
-1,-1
-1,-1
-1,-1
14481,311
24933,7
24896,28
13450,108
12222,141
9853,22
7565,5
-1,-1
2773,420
-1,-1
13036,467
-1,-1
-1,-1
-1,-1
3115,181
-1,-1
4358,12
12829,1
8452,3
-1,-1
38613,1
6055,149
17564,97
12886,29
-1,-1
9682,1
12217,1
5853,15
17626,23
10546,1
14349,3
13732,358
5979,3
13308,1
-1,-1
-1,-1
-1,-1
8296,1
12044,15
-1,-1
-1,-1
-1,-1
-1,-1
-1,-1
11639,1
5051,27
-1,-1
13334,2
51741,117
2689,148
8902,545

