13077,1997,120179374
12390,95,9196387
16327,90,5647234
18622,97,11668380
15626,99,13229333
17728,93,7679400
14094,79,1808168
16285,94,8208774
11713,92,6694691
19257,83,2893787
21707,81,2260104
23465,86,3834412
21818,99,13059526
15690,88,4697875
14503,80,1987396
19276,81,2198179
21612,81,2213688
17743,80,2050408
21558,85,3563189
12843,94,7974583
20232,87,4322869
8597,78,1651169
41908,75,1322192
18515,80,2017630
-1,-1
-1,-1
-1,-1
29358,157
73481,2
39937,18
35204,33
21575,86
12021,18
-1,-1
-1,-1
-1,-1
-1,-1
2717,1061
-1,-1
-1,-1
10083,222
-1,-1
-1,-1
-1,-1
-1,-1
-1,-1
-1,-1
-1,-1
-1,-1
-1,-1
-1,-1
-1,-1
-1,-1
-1,-1
-1,-1
10815,46
-1,-1
-1,-1
8029,1032
-1,-1
-1,-1
-1,-1
-1,-1
-1,-1
1689,71
-1,-1
-1,-1
-1,-1
-1,-1
-1,-1
-1,-1
-1,-1
-1,-1
-1,-1
-1,-1
-1,-1
13941,598
-1,-1
9149,635

