22702,1866,71054785
27496,84,2995485
22830,85,3377261
22765,96,9721526
23014,95,8805339
24454,89,5138421
19337,75,1236588
21136,91,6067163
20887,86,3919564
42097,75,1297813
33747,75,1330834
32638,83,2820203
74788,85,3328984
18050,87,4006620
18203,76,1367795
19711,80,2062345
23130,78,1741963
26640,76,1469640
41305,73,1026355
21109,89,4947768
28687,81,2208662
21932,64,420051
50892,71,858237
22389,72,906168
-1,-1
16228,5
-1,-1
22746,202
20139,9
29184,24
24429,54
17252,105
16742,9
17694,1
-1,-1
-1,-1
-1,-1
21918,229
9530,1
-1,-1
-1,-1
-1,-1
-1,-1
2466,34
2916,70
-1,-1
-1,-1
19529,25
14518,14
23147,46
14360,15
1875,20
-1,-1
13468,1
-1,-1
16156,26
12045,1
3414,106
12361,467
-1,-1
-1,-1
-1,-1
14649,1
3689,21
-1,-1
11188,17
-1,-1
-1,-1
-1,-1
-1,-1
-1,-1
4102,6
-1,-1
-1,-1
11615,15
39774,188
5308,55
10327,414

