32656,1761,61882142
57818,70,761288
55410,70,758011
44502,84,3237079
54274,79,1864839
60827,73,1085637
38216,70,752836
39473,81,2366652
74214,70,753937
26181,80,2036486
38748,74,1133723
7965,94,8577196
29891,99,13043006
48208,71,838464
34227,70,765916
49461,71,850727
35759,70,777493
23654,77,1591359
6081,99,13448824
51851,70,765833
24765,83,2854536
27941,61,305289
17120,84,3009462
38314,61,303549
-1,-1
16339,5
-1,-1
27458,160
11112,15
36801,19
15096,96
37318,30
-1,-1
-1,-1
-1,-1
-1,-1
-1,-1
34116,43
-1,-1
-1,-1
-1,-1
-1,-1
-1,-1
-1,-1
-1,-1
-1,-1
-1,-1
36540,3
-1,-1
18154,90
-1,-1
-1,-1
-1,-1
-1,-1
-1,-1
23718,13
-1,-1
-1,-1
-1,-1
-1,-1
-1,-1
-1,-1
-1,-1
-1,-1
-1,-1
-1,-1
-1,-1
-1,-1
-1,-1
-1,-1
-1,-1
27462,1
-1,-1
-1,-1
-1,-1
13524,582
-1,-1
19089,1

