29297,1796,60441119
46197,75,1214790
45835,72,979094
36394,90,5346500
44823,83,2830484
59631,74,1144085
49649,62,337910
43908,79,1948074
24190,85,3363432
26363,80,2027318
26420,79,1798954
10298,92,7001802
24416,99,13051226
20550,86,3637380
17342,76,1427251
11594,84,3179318
36977,70,739788
34322,75,1240799
29675,80,1994243
37353,79,1815632
31120,79,1892218
41385,53,145678
16634,84,3051133
40526,60,274010
-1,-1
-1,-1
-1,-1
41035,85
19547,9
88274,5
26029,49
41782,22
-1,-1
-1,-1
-1,-1
-1,-1
-1,-1
30585,81
-1,-1
-1,-1
-1,-1
-1,-1
-1,-1
-1,-1
-1,-1
-1,-1
-1,-1
17560,29
-1,-1
17003,102
-1,-1
-1,-1
-1,-1
-1,-1
-1,-1
28027,7
-1,-1
-1,-1
-1,-1
-1,-1
-1,-1
-1,-1
-1,-1
-1,-1
-1,-1
-1,-1
-1,-1
-1,-1
-1,-1
-1,-1
-1,-1
23379,1
-1,-1
-1,-1
-1,-1
9617,612
-1,-1
-1,-1

