9194,2040,132875838
17671,90,5798599
14925,90,5797496
21415,96,10094110
13709,99,13803438
7806,99,14484465
5929,85,3307601
14035,94,8689616
11962,91,6298954
6793,91,6323994
7349,90,5729479
10126,92,7107975
73869,85,3366295
11745,90,5716449
8561,85,3406189
5569,90,5499723
11660,86,3813046
10688,83,2678810
22419,84,3066211
15421,91,6464167
24573,83,2890057
9785,75,1294227
9300,88,4499171
7911,83,2745766
-1,-1
15905,5
-1,-1
15063,300
1817,59
6774,93
28511,43
21250,82
10846,19
8313,4
6374,500
8511,17
-1,-1
16075,367
8862,1
2529,30
5701,494
6673,32
-1,-1
2148,38
14123,1
6182,20
-1,-1
-1,-1
6414,138
5769,290
6416,141
-1,-1
7874,7
14719,1
-1,-1
21480,16
8566,3
7138,34
16200,178
3812,70
12018,5
1677,2
11251,2
-1,-1
-1,-1
11443,16
-1,-1
-1,-1
-1,-1
-1,-1
-1,-1
2606,9
8910,1
5359,2
12994,3
38749,190
4362,76
12647,200

