26821,1862,86677116
28788,85,3417649
21585,88,4763402
43468,88,4547969
18591,98,12354660
5944,99,19416479
20106,76,1390666
21348,92,6978492
25147,86,3780862
29409,80,2064163
41057,75,1216259
93430,70,799875
159518,70,757870
31803,85,3262902
19718,77,1480198
47480,73,1033942
26776,78,1738716
36660,76,1336970
15723,92,6741446
22546,89,5300896
38089,78,1671355
34895,60,274564
58989,70,789815
22038,77,1557966
-1,-1
9989,9
-1,-1
30599,164
72730,2
105920,4
17342,95
31408,55
20320,8
-1,-1
-1,-1
5974,274
-1,-1
24368,307
-1,-1
-1,-1
10376,302
-1,-1
-1,-1
2417,53
-1,-1
-1,-1
-1,-1
-1,-1
9054,123
8569,269
10026,110
-1,-1
-1,-1
-1,-1
-1,-1
24849,21
-1,-1
4367,108
20562,205
-1,-1
-1,-1
-1,-1
-1,-1
-1,-1
-1,-1
-1,-1
-1,-1
-1,-1
-1,-1
-1,-1
-1,-1
-1,-1
-1,-1
-1,-1
-1,-1
8334,52
-1,-1
-1,-1
15917,277

