269081,422,2667305
359947,20,4488
290009,18,3844
322799,25,8556
329060,23,6706
960770,1,12
267420,17,3421
335794,11,1511
326659,25,7900
189220,53,149175
175660,41,42421
375369,20,4950
101734,81,2413418
242375,22,6134
997263,1,18
323644,23,6630
1006486,1,0
1007567,1,0
292598,23,6808
1006519,1,0
1006237,1,0
199837,5,405
1006331,1,0
172961,8,908
-1,-1
-1,-1
-1,-1
131660,7
34411,7
-1,-1
-1,-1
-1,-1
-1,-1
-1,-1
-1,-1
-1,-1
-1,-1
-1,-1
-1,-1
-1,-1
-1,-1
-1,-1
-1,-1
-1,-1
-1,-1
-1,-1
-1,-1
-1,-1
-1,-1
-1,-1
-1,-1
-1,-1
-1,-1
-1,-1
-1,-1
-1,-1
-1,-1
-1,-1
-1,-1
-1,-1
-1,-1
-1,-1
-1,-1
-1,-1
-1,-1
-1,-1
-1,-1
-1,-1
-1,-1
-1,-1
-1,-1
-1,-1
-1,-1
-1,-1
-1,-1
-1,-1
68916,142
-1,-1
-1,-1

