6790,2109,186602280
7712,99,13354288
6551,99,13389959
7285,99,15211998
8021,99,22193826
10140,99,14602041
4939,88,4522190
8682,99,13402892
11728,93,7487100
17349,85,3422404
6061,92,6919070
12928,92,6833446
66671,90,5432757
9600,93,7457874
7427,88,4407957
14799,84,3069031
9338,90,5553757
10058,85,3314882
19520,91,5938893
5436,99,13197062
13528,94,8050875
7741,82,2426807
19026,84,3139608
6549,85,3273563
-1,-1
13044,6
-1,-1
19049,288
-1,-1
74752,8
17567,98
16898,125
5294,50
7452,7
-1,-1
629,1003
6127,463
25569,316
-1,-1
-1,-1
1556,1285
7745,66
-1,-1
-1,-1
2056,132
5326,100
-1,-1
11093,60
1671,481
3844,431
1571,508
-1,-1
4701,171
7157,63
-1,-1
35106,12
2329,258
2322,215
14472,622
-1,-1
7116,126
-1,-1
-1,-1
-1,-1
-1,-1
1555,127
2123,51
-1,-1
-1,-1
-1,-1
9226,157
-1,-1
-1,-1
-1,-1
-1,-1
4507,150
53528,251
4801,122
5717,1161

