8200,2078,206539889
4610,99,15360038
12683,93,7850103
3544,99,19012700
3423,99,30584922
2984,99,27660326
10007,82,2487592
3535,99,17849456
13487,92,6533262
18510,85,3271256
10755,89,5020544
28028,85,3519066
113530,80,2007011
5459,96,10008929
5822,88,4769599
5954,91,5983052
9365,90,5450469
14727,81,2356967
15188,92,7074089
3656,99,14338575
14771,92,6824872
10629,77,1498742
12284,87,4070802
7026,84,3007517
-1,-1
15843,5
-1,-1
11063,423
127721,1
19130,40
9961,158
8034,197
12944,18
5967,9
9709,500
2846,525
1413,1361
13218,558
-1,-1
-1,-1
2709,1000
1333,549
-1,-1
2385,53
2741,94
3027,237
-1,-1
5305,94
1715,461
258,1230
1989,429
-1,-1
3224,285
1547,607
-1,-1
13516,43
3932,137
-1,-1
3751,1975
1393,456
2030,345
-1,-1
320,100
-1,-1
-1,-1
-1,-1
4213,39
-1,-1
-1,-1
1789,60
-1,-1
-1,-1
-1,-1
-1,-1
-1,-1
7539,56
83257,103
2535,222
4315,1300

