87810,1389,27033612
116137,60,279855
123259,51,113365
96963,70,743362
114083,64,419096
97538,65,467772
121297,44,57913
110332,63,385077
138084,59,262005
86188,70,737639
115792,60,273886
29540,86,3684470
33173,99,13050060
83437,61,318891
147081,43,51863
158870,51,118304
99622,43,55189
125237,62,359484
25486,86,3822927
117013,44,58896
66321,66,500136
121778,25,8220
50754,75,1216727
102057,42,48475
-1,-1
-1,-1
-1,-1
71805,44
12387,21
46483,18
95851,4
96766,1
-1,-1
-1,-1
-1,-1
-1,-1
-1,-1
-1,-1
-1,-1
-1,-1
-1,-1
-1,-1
-1,-1
-1,-1
-1,-1
-1,-1
-1,-1
-1,-1
-1,-1
-1,-1
-1,-1
-1,-1
-1,-1
-1,-1
-1,-1
-1,-1
-1,-1
-1,-1
-1,-1
-1,-1
-1,-1
-1,-1
-1,-1
-1,-1
-1,-1
-1,-1
-1,-1
-1,-1
-1,-1
-1,-1
-1,-1
-1,-1
-1,-1
-1,-1
-1,-1
-1,-1
29910,552
-1,-1
-1,-1

