30473,1850,111194050
104892,61,323883
65987,70,761200
4884,99,17575542
13381,99,16908736
4276,99,24797737
21010,77,1478884
14758,96,10058962
29925,85,3457893
49956,75,1310319
39438,76,1360871
92338,72,921005
183431,66,513043
14262,93,7196105
24076,75,1324734
46830,74,1154591
17921,85,3305254
53016,73,1010914
64509,69,670627
14320,94,8391077
32627,83,2726792
29619,63,378487
19692,84,3133302
20364,82,2434092
-1,-1
-1,-1
-1,-1
3075,876
-1,-1
47186,17
2341,418
1658,392
6661,43
8481,6
-1,-1
-1,-1
-1,-1
4144,1000
-1,-1
-1,-1
15166,107
7868,73
-1,-1
-1,-1
2510,111
3317,247
-1,-1
13746,52
-1,-1
21729,129
-1,-1
-1,-1
-1,-1
-1,-1
-1,-1
28958,20
-1,-1
-1,-1
22150,225
4505,143
-1,-1
-1,-1
-1,-1
-1,-1
-1,-1
-1,-1
5641,36
-1,-1
-1,-1
-1,-1
-1,-1
-1,-1
-1,-1
-1,-1
-1,-1
8891,54
-1,-1
-1,-1
11167,700

