42717,1715,49111313
25474,88,4529522
22428,88,4528604
41609,89,5275222
33386,92,6766363
32333,88,4456532
29835,72,906278
44545,82,2443974
34182,83,2792006
97485,67,564724
75660,67,553896
92702,71,822658
73137,88,4617814
55006,71,826856
69346,59,248834
62236,70,758486
41360,70,763642
84762,70,739873
95721,55,166883
29776,87,4146077
65169,62,339913
60566,46,74833
36241,80,2050462
32525,70,737861
-1,-1
-1,-1
-1,-1
52609,69
87830,2
38792,20
41895,28
50774,18
37770,1
-1,-1
-1,-1
-1,-1
-1,-1
37346,122
-1,-1
-1,-1
-1,-1
-1,-1
-1,-1
-1,-1
-1,-1
-1,-1
-1,-1
-1,-1
-1,-1
-1,-1
-1,-1
-1,-1
-1,-1
-1,-1
-1,-1
-1,-1
-1,-1
-1,-1
-1,-1
-1,-1
-1,-1
-1,-1
-1,-1
-1,-1
-1,-1
-1,-1
-1,-1
-1,-1
-1,-1
-1,-1
-1,-1
-1,-1
-1,-1
-1,-1
-1,-1
-1,-1
51242,245
-1,-1
-1,-1

