28834,1856,76097896
32828,83,2937009
29061,84,3170175
51349,85,3281661
35278,92,6542491
16104,96,9987239
21722,76,1358344
48988,80,2181689
35720,83,2761686
5702,96,10111294
27322,80,2046099
56971,79,1940871
155353,72,976489
35097,83,2795844
11281,85,3280907
2029,99,13107833
34689,74,1178488
49528,73,1036634
47383,74,1150747
37719,83,2678379
38390,79,1854769
28350,63,381806
71265,67,587467
32222,70,749975
-1,-1
-1,-1
-1,-1
19655,279
3599,49
17438,46
10944,152
42733,32
-1,-1
-1,-1
-1,-1
-1,-1
-1,-1
-1,-1
618,50
-1,-1
-1,-1
-1,-1
-1,-1
-1,-1
-1,-1
-1,-1
-1,-1
-1,-1
-1,-1
-1,-1
-1,-1
-1,-1
-1,-1
-1,-1
-1,-1
23797,25
-1,-1
-1,-1
-1,-1
-1,-1
-1,-1
-1,-1
-1,-1
-1,-1
-1,-1
-1,-1
-1,-1
-1,-1
-1,-1
-1,-1
-1,-1
-1,-1
-1,-1
-1,-1
-1,-1
-1,-1
110272,56
-1,-1
-1,-1

