16380,1975,108079337
19570,91,6093818
14613,92,6856314
24401,96,10167728
16841,99,13549419
18856,94,8124913
13544,80,2012585
14204,96,9781005
16847,90,5609052
22195,83,2756885
21663,82,2451653
24140,87,4111344
79160,87,4025366
14997,90,5571998
13291,83,2674595
20494,81,2269281
18675,83,2832914
20553,80,2019382
43512,75,1229627
15706,93,7418861
23235,87,4151583
17757,69,679883
46010,75,1260042
19183,82,2431089
-1,-1
16205,5
-1,-1
18846,281
13601,17
27177,29
24683,63
14416,138
9231,29
9025,5
-1,-1
7794,178
-1,-1
21059,379
-1,-1
-1,-1
10529,301
-1,-1
-1,-1
1210,118
3593,71
-1,-1
-1,-1
-1,-1
12460,75
-1,-1
12128,81
-1,-1
-1,-1
5078,128
-1,-1
13186,45
-1,-1
3816,128
8394,1120
-1,-1
-1,-1
-1,-1
-1,-1
-1,-1
-1,-1
-1,-1
9311,26
-1,-1
-1,-1
-1,-1
-1,-1
-1,-1
2224,12
-1,-1
-1,-1
-1,-1
55147,221
3966,145
6749,1004

